Vector Kr :
202
42
173
155
166
113
121
73
59
177
248
60
182
96
170
6
57
207
171
14
140
51
109
129
74
62
25
7
174
38
202
233
99
36
107
96
195
163
1
174
116
41
134
60
17
88
85
24
152
160
0
153
249
91
59
26
30
171
2
77
60
197
101
247
155
101
109
207
78
50
24
28
158
168
88
95
142
58
248
155
111
22
111
149
188
97
81
224
80
82
86
55
140
116
192
29
55
56
73
29
208
152
222
169
109
61
51
76
194
94
160
2
254
51
108
214
5
48
119
15
166
140
181
128
36
54
148
240
123
217
195
198
227
170
38
122
93
128
212
124
3
158
60
13
245
245
57
143
173
140
65
149
84
144
138
183
152
143
13
181
87
66
22
172
205
183
54
225
204
19
93
13
98
6
230
45
199
55
54
216
231
19
158
135
199
151
130
215
172
142
185
124
103
251
75
157
26
46
219
142
250
165
64
248
61
211
123
14
43
90
158
197
19
255
95
120
47
3
92
59
159
157
213
43
241
189
112
94
124
65
221
123
199
94
191
44
226
12
143
240
13
155
192
198
205
74
158
22
19
190
72
185
117
105
167
84
240
119
221
163
103
246
206
79
104
219
235
160
186
90
41
96
116
238
234
108
2
245
98
26
160
80
171
108
179
169
252
135
147
44
194
209
180
235
64
75
193
177
66
46
242
177
235
248
87
13
145
67
64
185
233
220
237
87
76
143
119
35
103
153
6
139
106
10
251
203
193
65
165
168
182
190
150
111
141
139
221
137
82
231
7
25
73
225
162
232
142
239
134
240
223
96
171
23
105
64
173
193
111
46
189
62
149
116
20
151
157
219
12
244
25
201
163
22
220
235
31
55
170
184
228
34
247
135
160
54
220
67
243
4
71
97
57
187
127
63
217
138
220
43
205
162
30
9
168
168
228
157
238
51
147
168
59
117
198
7
238
12
127
115
147
85
164
124
251
200
247
62
232
103
33
115
11
164
99
3
58
161
24
182
49
235
231
44
172
72
88
242
170
106
Vector Kc :
149
126
147
176
3
175
0
89
142
13
237
21
151
255
49
226
231
11
80
65
139
205
20
121
17
74
212
155
39
30
90
185
53
73
85
53
83
91
172
194
189
116
146
224
241
248
3
40
111
108
95
232
239
238
19
83
22
240
102
58
166
92
34
136
85
122
212
97
62
235
185
150
174
91
144
167
205
80
168
66
31
85
41
163
128
152
137
74
183
192
165
146
181
231
14
21
122
138
159
225
132
224
22
201
112
206
58
197
34
161
98
253
193
255
82
187
175
187
134
9
166
78
72
69
71
14
229
158
42
159
196
8
232
122
50
152
253
254
196
53
244
215
99
1
208
181
88
27
139
222
164
176
135
191
175
25
197
42
49
215
26
12
174
5
128
254
136
237
63
124
17
207
95
168
224
52
240
79
254
36
23
71
156
252
92
229
218
107
54
69
97
74
129
225
102
195
128
181
201
200
163
123
157
66
173
170
132
135
244
87
78
211
236
35
126
220
18
91
254
60
60
97
102
169
47
114
39
1
148
11
210
226
9
24
127
114
183
233
19
235
232
231
173
205
151
89
127
25
150
129
62
218
93
155
227
1
40
214
79
63
2
255
2
128
20
70
143
162
233
183
179
240
127
8
59
7
4
48
135
38
90
35
220
115
193
105
159
237
79
99
171
251
23
45
120
0
250
43
210
69
250
226
101
230
20
78
81
44
167
208
7
125
94
222
166
217
166
114
89
114
33
241
120
128
212
83
34
188
39
109
24
238
183
21
165
87
107
130
150
132
75
244
137
177
250
5
55
70
52
246
178
235
223
ITER_MAX :
3
